300 59
300 51
300 98
297 40
300 103
175 15
283 11
300 186
300 189
140 7
297 48
92 4
106 5
261 18
273 22
300 118
158 4
201 10
266 25
298 27
289 22
300 45
264 7
269 11
101 5
227 10
300 94
159 9
300 84
300 296
281 10
90 4
265 9
300 78
142 6
300 70
222 9
300 69
300 98
297 19
300 75
232 20
290 11
49 6
266 22
288 23
178 6
240 19
122 5
300 152
300 20
204 9
299 16
200 12
300 64
300 94
199 19
300 29
300 120
300 49
219 5
113 5
84 7
300 63
288 20
126 7
300 63
195 7
286 22
300 59
300 177
300 45
52 4
297 25
299 38
300 80
257 9
300 46
299 19
111 7
297 17
300 259
121 4
277 31
266 18
300 42
300 120
234 24
300 41
300 39
300 84
300 169
300 59
300 122
300 168
185 14
70 8
227 10
300 68
300 21
300 49
300 65
300 39
300 77
209 7
81 5
88 4
300 42
300 57
157 8
289 22
300 66
300 70
275 9
300 107
300 98
84 4
300 81
226 8
300 59
300 122
128 7
294 28
300 110
78 7
300 35
300 75
300 197
299 35
298 26
300 26
300 110
300 33
300 62
300 102
208 7
300 13
299 27
300 35
264 22
115 5
299 40
300 27
300 58
300 57
300 32
300 47
236 30
300 89
300 43
281 20
300 67
236 25
300 48
300 97
296 29
266 9
97 4
300 187
147 6
115 6
281 8
300 119
260 7
300 134
300 48
299 38
281 22
300 82
300 18
300 21
198 19
300 47
297 12
300 42
260 20
112 8
300 67
299 32
300 65
124 13
89 10
300 187
300 115
257 10
300 48
200 6
300 81
300 61
207 8
300 78
300 44
197 7
299 36
300 88
281 14
300 80
251 8
187 15
299 71
300 59
300 79
300 170
292 17
300 83
300 36
300 41
110 6
24 4
300 54
267 13
300 114
217 10
137 14
298 19
256 19
297 37
155 5
300 29
299 12
298 30
292 14
253 12
191 13
84 8
300 36
300 118
297 31
300 24
236 7
300 22
293 41
300 90
213 20
300 116
300 50
300 19
300 57
300 103
298 21
297 23
300 18
300 21
298 38
300 14
300 46
241 9
300 130
299 23
91 4
269 9
294 14
92 10
300 38
300 35
298 40
90 10
237 8
297 33
300 70
232 29
300 62
299 55
300 92
213 8
300 30
300 53
300 109
300 38
300 48
231 14
300 65
300 110
300 78
80 7
295 12
300 84
300 44
130 4
300 83
295 24
300 46
300 75
300 120
177 8
184 6
133 6
300 43
300 66
138 11
299 26
300 69
98 4
299 72
220 19
242 26
300 38
102 11
299 34
276 15
279 15
52 4
292 12
300 72
285 18
298 47
299 22
276 10
297 13
300 64
101 11
300 56
122 5
300 53
300 48
157 6
240 13
300 35
288 10
267 16
298 34
300 217
71 7
300 64
130 9
297 26
262 21
134 6
263 25
300 42
300 49
184 13
278 17
299 58
299 58
300 48
295 42
300 65
294 14
241 6
300 41
300 58
300 62
300 38
262 24
300 111
300 62
125 5
188 6
296 25
300 118
35 4
138 12
118 5
300 28
291 33
186 18
300 65
300 100
110 5
292 33
229 7
289 11
300 60
300 82
300 61
291 16
300 72
114 6
300 57
274 30
300 49
284 27
294 10
300 72
296 34
300 28
287 14
213 9
300 71
299 45
299 37
288 20
292 13
300 71
300 22
300 74
300 91
300 21
300 59
219 12
291 13
300 45
282 11
300 59
295 26
300 53
300 126
300 72
230 20
300 50
287 23
299 45
269 25
251 11
296 16
63 4
190 14
213 6
293 17
294 21
300 155
205 20
50 4
300 47
129 4
300 93
229 8
300 62
300 118
300 41
289 10
238 7
296 31
300 37
256 28
222 9
251 17
300 71
209 8
300 67
300 59
265 15
136 4
108 7
287 18
252 14
300 44
298 30
300 54
300 39
300 57
299 48
284 34
293 20
300 56
179 11
295 57
300 103
300 50
127 4
300 49
300 70
257 10
231 8
172 12
276 32
300 130
274 33
237 8
238 8
290 16
158 10
294 10
300 15
228 14
191 5
300 46
300 91
292 34
152 4
299 21
291 23
199 19
300 133
293 11
300 211
299 54
298 19
296 45
300 68
300 62
300 94
300 34
300 112
300 41
300 42
300 225
269 16
299 45
300 38
300 57
300 39
150 6
82 7
300 56
256 28
300 80
297 27
284 12
168 5
300 138
288 10
300 78
300 57
300 28
90 8
300 53
300 56
300 85
257 9
289 43
300 74
140 5
300 116
283 14
266 8
264 25
300 51
291 16
300 96
297 13
300 27
300 243
300 85
300 54
135 6
288 27
171 7
300 152
299 44
293 15
294 29
300 22
300 37
